,corr_n_steps,noise_level,Trial,Reward,steps_taken
0,1.0,0.01,0.0,40.678772041224875,59.0
1,1.0,0.01,1.0,1719.9020276575975,1000.0
2,1.0,0.01,2.0,1743.7063710195507,991.0
3,1.0,0.01,3.0,73.54056630891137,65.0
4,1.0,0.01,4.0,1687.8840195299854,1000.0
5,1.0,0.01,5.0,1775.7895307505605,1000.0
6,1.0,0.01,6.0,1708.8968753499285,1000.0
7,1.0,0.01,7.0,1715.632096672518,966.0
8,1.0,0.01,8.0,1726.8142372808288,1000.0
9,1.0,0.01,9.0,79.79338047580677,79.0
10,1.0,0.07,0.0,20.937841811632097,55.0
11,1.0,0.07,1.0,1680.5400224430923,1000.0
12,1.0,0.07,2.0,1733.3090434628612,1000.0
13,1.0,0.07,3.0,33.920136903077946,54.0
14,1.0,0.07,4.0,1589.1783665320763,1000.0
15,1.0,0.07,5.0,189.64824028048315,161.0
16,1.0,0.07,6.0,1758.199977329481,1000.0
17,1.0,0.07,7.0,1203.7533240190533,688.0
18,1.0,0.07,8.0,635.3184310729193,398.0
19,1.0,0.07,9.0,948.2821511778384,560.0
20,1.0,0.13,0.0,58.62381148079294,73.0
21,1.0,0.13,1.0,1017.1188130795344,609.0
22,1.0,0.13,2.0,430.173388012925,306.0
23,1.0,0.13,3.0,43.5767304355395,63.0
24,1.0,0.13,4.0,200.45987508274266,180.0
25,1.0,0.13,5.0,1717.0827000046702,1000.0
26,1.0,0.13,6.0,67.36315394942358,68.0
27,1.0,0.13,7.0,1329.6917609488737,807.0
28,1.0,0.13,8.0,84.85848210494441,87.0
29,1.0,0.13,9.0,71.50843145535327,81.0
30,1.0,0.19000000000000003,0.0,47.80211199512269,69.0
31,1.0,0.19000000000000003,1.0,1659.4110688666333,1000.0
32,1.0,0.19000000000000003,2.0,43.169513577486214,61.0
33,1.0,0.19000000000000003,3.0,155.35389141491032,131.0
34,1.0,0.19000000000000003,4.0,264.28048816103546,210.0
35,1.0,0.19000000000000003,5.0,327.6058971542152,233.0
36,1.0,0.19000000000000003,6.0,55.52928714620066,73.0
37,1.0,0.19000000000000003,7.0,149.77151869927184,140.0
38,1.0,0.19000000000000003,8.0,425.496503474933,293.0
39,1.0,0.19000000000000003,9.0,135.16341725182428,125.0
40,1.0,0.25,0.0,67.37889198511402,70.0
41,1.0,0.25,1.0,460.65422017251694,298.0
42,1.0,0.25,2.0,37.862772771914024,48.0
43,1.0,0.25,3.0,162.68939427022997,162.0
44,1.0,0.25,4.0,138.29700670094462,131.0
45,1.0,0.25,5.0,141.05465785510023,134.0
46,1.0,0.25,6.0,36.40724467300606,63.0
47,1.0,0.25,7.0,62.239047348521126,67.0
48,1.0,0.25,8.0,70.68347701393213,78.0
49,1.0,0.25,9.0,186.89402138144942,177.0
50,1.0,0.31000000000000005,0.0,49.950512322815484,61.0
51,1.0,0.31000000000000005,1.0,37.644663052327815,62.0
52,1.0,0.31000000000000005,2.0,176.70317396779865,162.0
53,1.0,0.31000000000000005,3.0,344.0444966973082,247.0
54,1.0,0.31000000000000005,4.0,222.3643363243682,173.0
55,1.0,0.31000000000000005,5.0,186.31603497751348,158.0
56,1.0,0.31000000000000005,6.0,154.04725522533408,142.0
57,1.0,0.31000000000000005,7.0,178.97091920578532,152.0
58,1.0,0.31000000000000005,8.0,49.80271787568927,63.0
59,1.0,0.31000000000000005,9.0,47.57655143064767,57.0
60,1.0,0.37000000000000005,0.0,49.42561486492923,56.0
61,1.0,0.37000000000000005,1.0,134.68091273697064,111.0
62,1.0,0.37000000000000005,2.0,77.60403991755447,81.0
63,1.0,0.37000000000000005,3.0,83.48316041933867,88.0
64,1.0,0.37000000000000005,4.0,161.4037425182105,133.0
65,1.0,0.37000000000000005,5.0,86.74945836012193,82.0
66,1.0,0.37000000000000005,6.0,89.4971255944256,102.0
67,1.0,0.37000000000000005,7.0,300.9104560829146,218.0
68,1.0,0.37000000000000005,8.0,55.48438793307287,68.0
69,1.0,0.37000000000000005,9.0,16.808244119310984,50.0
70,1.0,0.43000000000000005,0.0,28.34093947722431,43.0
71,1.0,0.43000000000000005,1.0,80.49753888670966,88.0
72,1.0,0.43000000000000005,2.0,45.000883222950506,70.0
73,1.0,0.43000000000000005,3.0,124.61624601374933,112.0
74,1.0,0.43000000000000005,4.0,231.9689306059663,164.0
75,1.0,0.43000000000000005,5.0,46.05347177349904,63.0
76,1.0,0.43000000000000005,6.0,69.43737622003391,83.0
77,1.0,0.43000000000000005,7.0,187.32999521880993,142.0
78,1.0,0.43000000000000005,8.0,66.51884660979704,73.0
79,1.0,0.43000000000000005,9.0,232.55279850683291,182.0
80,1.0,0.49000000000000005,0.0,29.516071757381724,44.0
81,1.0,0.49000000000000005,1.0,85.82781233936112,93.0
82,1.0,0.49000000000000005,2.0,42.39679070045531,59.0
83,1.0,0.49000000000000005,3.0,88.1951077356789,85.0
84,1.0,0.49000000000000005,4.0,120.75534211475315,118.0
85,1.0,0.49000000000000005,5.0,44.43098495933373,62.0
86,1.0,0.49000000000000005,6.0,63.2497510952453,78.0
87,1.0,0.49000000000000005,7.0,140.13809234266955,122.0
88,1.0,0.49000000000000005,8.0,48.38008040590648,46.0
89,1.0,0.49000000000000005,9.0,96.6105671057885,85.0
90,1.0,0.55,0.0,31.75148500733485,27.0
91,1.0,0.55,1.0,39.47403574302734,64.0
92,1.0,0.55,2.0,23.113862183017773,56.0
93,1.0,0.55,3.0,27.568193094659364,53.0
94,1.0,0.55,4.0,116.28182542835566,109.0
95,1.0,0.55,5.0,51.630958707784885,65.0
96,1.0,0.55,6.0,67.43319672270445,78.0
97,1.0,0.55,7.0,124.20758873365412,108.0
98,1.0,0.55,8.0,66.34373399019387,70.0
99,1.0,0.55,9.0,67.99181241824408,84.0
100,2.0,0.01,0.0,40.62659643977531,59.0
101,2.0,0.01,1.0,1719.9020276575975,1000.0
102,2.0,0.01,2.0,1743.7063710195507,991.0
103,2.0,0.01,3.0,73.54056630891137,65.0
104,2.0,0.01,4.0,1687.8840195299854,1000.0
105,2.0,0.01,5.0,1775.7895307505605,1000.0
106,2.0,0.01,6.0,1708.8968753499285,1000.0
107,2.0,0.01,7.0,1715.632096672518,966.0
108,2.0,0.01,8.0,1726.8142372808288,1000.0
109,2.0,0.01,9.0,79.79338047580677,79.0
110,2.0,0.07,0.0,20.937841811632097,55.0
111,2.0,0.07,1.0,1680.5400224430923,1000.0
112,2.0,0.07,2.0,1733.3090434628612,1000.0
113,2.0,0.07,3.0,33.920136903077946,54.0
114,2.0,0.07,4.0,1589.1783665320763,1000.0
115,2.0,0.07,5.0,189.64824028048315,161.0
116,2.0,0.07,6.0,1758.199977329481,1000.0
117,2.0,0.07,7.0,1203.7533240190533,688.0
118,2.0,0.07,8.0,635.3184310729193,398.0
119,2.0,0.07,9.0,948.2821511778384,560.0
120,2.0,0.13,0.0,58.62381148079294,73.0
121,2.0,0.13,1.0,1017.1188130795344,609.0
122,2.0,0.13,2.0,430.173388012925,306.0
123,2.0,0.13,3.0,43.5767304355395,63.0
124,2.0,0.13,4.0,200.45987508274266,180.0
125,2.0,0.13,5.0,1717.0827000046702,1000.0
126,2.0,0.13,6.0,67.36315394942358,68.0
127,2.0,0.13,7.0,1329.6917609488737,807.0
128,2.0,0.13,8.0,84.85848210494441,87.0
129,2.0,0.13,9.0,71.50843145535327,81.0
130,2.0,0.19000000000000003,0.0,47.80211199512269,69.0
131,2.0,0.19000000000000003,1.0,1659.4110688666333,1000.0
132,2.0,0.19000000000000003,2.0,43.169513577486214,61.0
133,2.0,0.19000000000000003,3.0,155.35389141491032,131.0
134,2.0,0.19000000000000003,4.0,264.28048816103546,210.0
135,2.0,0.19000000000000003,5.0,327.6058971542152,233.0
136,2.0,0.19000000000000003,6.0,55.52928714620066,73.0
137,2.0,0.19000000000000003,7.0,149.77151869927184,140.0
138,2.0,0.19000000000000003,8.0,425.496503474933,293.0
139,2.0,0.19000000000000003,9.0,135.16341725182428,125.0
140,2.0,0.25,0.0,67.37889198511402,70.0
141,2.0,0.25,1.0,460.65422017251694,298.0
142,2.0,0.25,2.0,37.862772771914024,48.0
143,2.0,0.25,3.0,162.68939427022997,162.0
144,2.0,0.25,4.0,138.29700670094462,131.0
145,2.0,0.25,5.0,141.05465785510023,134.0
146,2.0,0.25,6.0,36.40724467300606,63.0
147,2.0,0.25,7.0,62.239047348521126,67.0
148,2.0,0.25,8.0,70.68347701393213,78.0
149,2.0,0.25,9.0,186.89402138144942,177.0
150,2.0,0.31000000000000005,0.0,49.950512322815484,61.0
151,2.0,0.31000000000000005,1.0,37.644663052327815,62.0
152,2.0,0.31000000000000005,2.0,176.70317396779865,162.0
153,2.0,0.31000000000000005,3.0,344.0444966973082,247.0
154,2.0,0.31000000000000005,4.0,222.3643363243682,173.0
155,2.0,0.31000000000000005,5.0,186.31603497751348,158.0
156,2.0,0.31000000000000005,6.0,154.04725522533408,142.0
157,2.0,0.31000000000000005,7.0,178.97091920578532,152.0
158,2.0,0.31000000000000005,8.0,49.80271787568927,63.0
159,2.0,0.31000000000000005,9.0,47.57655143064767,57.0
160,2.0,0.37000000000000005,0.0,49.42561486492923,56.0
161,2.0,0.37000000000000005,1.0,134.68091273697064,111.0
162,2.0,0.37000000000000005,2.0,77.60403991755447,81.0
163,2.0,0.37000000000000005,3.0,83.48316041933867,88.0
164,2.0,0.37000000000000005,4.0,161.4037425182105,133.0
165,2.0,0.37000000000000005,5.0,86.74945836012193,82.0
166,2.0,0.37000000000000005,6.0,89.4971255944256,102.0
167,2.0,0.37000000000000005,7.0,300.9104560829146,218.0
168,2.0,0.37000000000000005,8.0,55.48438793307287,68.0
169,2.0,0.37000000000000005,9.0,16.808244119310984,50.0
170,2.0,0.43000000000000005,0.0,28.34093947722431,43.0
171,2.0,0.43000000000000005,1.0,80.49753888670966,88.0
172,2.0,0.43000000000000005,2.0,45.000883222950506,70.0
173,2.0,0.43000000000000005,3.0,124.61624601374933,112.0
174,2.0,0.43000000000000005,4.0,231.9689306059663,164.0
175,2.0,0.43000000000000005,5.0,46.05347177349904,63.0
176,2.0,0.43000000000000005,6.0,69.43737622003391,83.0
177,2.0,0.43000000000000005,7.0,187.32999521880993,142.0
178,2.0,0.43000000000000005,8.0,66.51884660979704,73.0
179,2.0,0.43000000000000005,9.0,232.55279850683291,182.0
180,2.0,0.49000000000000005,0.0,29.516071757381724,44.0
181,2.0,0.49000000000000005,1.0,85.82781233936112,93.0
182,2.0,0.49000000000000005,2.0,42.39679070045531,59.0
183,2.0,0.49000000000000005,3.0,88.1951077356789,85.0
184,2.0,0.49000000000000005,4.0,120.75534211475315,118.0
185,2.0,0.49000000000000005,5.0,44.43098495933373,62.0
186,2.0,0.49000000000000005,6.0,63.2497510952453,78.0
187,2.0,0.49000000000000005,7.0,140.13809234266955,122.0
188,2.0,0.49000000000000005,8.0,48.38008040590648,46.0
189,2.0,0.49000000000000005,9.0,96.6105671057885,85.0
190,2.0,0.55,0.0,31.75148500733485,27.0
191,2.0,0.55,1.0,39.47403574302734,64.0
192,2.0,0.55,2.0,23.113862183017773,56.0
193,2.0,0.55,3.0,27.568193094659364,53.0
194,2.0,0.55,4.0,116.28182542835566,109.0
195,2.0,0.55,5.0,51.630958707784885,65.0
196,2.0,0.55,6.0,67.43319672270445,78.0
197,2.0,0.55,7.0,124.20758873365412,108.0
198,2.0,0.55,8.0,66.34373399019387,70.0
199,2.0,0.55,9.0,67.99181241824408,84.0
200,3.0,0.01,0.0,40.62659643977531,59.0
201,3.0,0.01,1.0,1719.9020276575975,1000.0
202,3.0,0.01,2.0,1743.7063710195507,991.0
203,3.0,0.01,3.0,73.54056630891137,65.0
204,3.0,0.01,4.0,1687.8840195299854,1000.0
205,3.0,0.01,5.0,1775.7895307505605,1000.0
206,3.0,0.01,6.0,1708.8968753499285,1000.0
207,3.0,0.01,7.0,1715.632096672518,966.0
208,3.0,0.01,8.0,1726.8142372808288,1000.0
209,3.0,0.01,9.0,79.79338047580677,79.0
210,3.0,0.07,0.0,20.937841811632097,55.0
211,3.0,0.07,1.0,1680.5400224430923,1000.0
212,3.0,0.07,2.0,1733.3090434628612,1000.0
213,3.0,0.07,3.0,33.920136903077946,54.0
214,3.0,0.07,4.0,1589.1783665320763,1000.0
215,3.0,0.07,5.0,189.64824028048315,161.0
216,3.0,0.07,6.0,1758.199977329481,1000.0
217,3.0,0.07,7.0,1203.7533240190533,688.0
218,3.0,0.07,8.0,635.3184310729193,398.0
219,3.0,0.07,9.0,948.2821511778384,560.0
220,3.0,0.13,0.0,58.62381148079294,73.0
221,3.0,0.13,1.0,1017.1188130795344,609.0
222,3.0,0.13,2.0,430.173388012925,306.0
223,3.0,0.13,3.0,43.5767304355395,63.0
224,3.0,0.13,4.0,200.45987508274266,180.0
225,3.0,0.13,5.0,1717.0827000046702,1000.0
226,3.0,0.13,6.0,67.36315394942358,68.0
227,3.0,0.13,7.0,1329.6917609488737,807.0
228,3.0,0.13,8.0,84.85848210494441,87.0
229,3.0,0.13,9.0,71.50843145535327,81.0
230,3.0,0.19000000000000003,0.0,47.80211199512269,69.0
231,3.0,0.19000000000000003,1.0,1659.4110688666333,1000.0
232,3.0,0.19000000000000003,2.0,43.169513577486214,61.0
233,3.0,0.19000000000000003,3.0,155.35389141491032,131.0
234,3.0,0.19000000000000003,4.0,264.28048816103546,210.0
235,3.0,0.19000000000000003,5.0,327.6058971542152,233.0
236,3.0,0.19000000000000003,6.0,55.52928714620066,73.0
237,3.0,0.19000000000000003,7.0,149.77151869927184,140.0
238,3.0,0.19000000000000003,8.0,425.496503474933,293.0
239,3.0,0.19000000000000003,9.0,135.16341725182428,125.0
240,3.0,0.25,0.0,67.37889198511402,70.0
241,3.0,0.25,1.0,460.65422017251694,298.0
242,3.0,0.25,2.0,37.862772771914024,48.0
243,3.0,0.25,3.0,162.68939427022997,162.0
244,3.0,0.25,4.0,138.29700670094462,131.0
245,3.0,0.25,5.0,141.05465785510023,134.0
246,3.0,0.25,6.0,36.40724467300606,63.0
247,3.0,0.25,7.0,62.239047348521126,67.0
248,3.0,0.25,8.0,70.68347701393213,78.0
249,3.0,0.25,9.0,186.89402138144942,177.0
250,3.0,0.31000000000000005,0.0,49.950512322815484,61.0
251,3.0,0.31000000000000005,1.0,37.644663052327815,62.0
252,3.0,0.31000000000000005,2.0,176.70317396779865,162.0
253,3.0,0.31000000000000005,3.0,344.0444966973082,247.0
254,3.0,0.31000000000000005,4.0,222.3643363243682,173.0
255,3.0,0.31000000000000005,5.0,186.31603497751348,158.0
256,3.0,0.31000000000000005,6.0,154.04725522533408,142.0
257,3.0,0.31000000000000005,7.0,178.97091920578532,152.0
258,3.0,0.31000000000000005,8.0,49.80271787568927,63.0
259,3.0,0.31000000000000005,9.0,47.57655143064767,57.0
260,3.0,0.37000000000000005,0.0,49.42561486492923,56.0
261,3.0,0.37000000000000005,1.0,134.68091273697064,111.0
262,3.0,0.37000000000000005,2.0,77.60403991755447,81.0
263,3.0,0.37000000000000005,3.0,83.48316041933867,88.0
264,3.0,0.37000000000000005,4.0,161.4037425182105,133.0
265,3.0,0.37000000000000005,5.0,86.74945836012193,82.0
266,3.0,0.37000000000000005,6.0,89.4971255944256,102.0
267,3.0,0.37000000000000005,7.0,300.9104560829146,218.0
268,3.0,0.37000000000000005,8.0,55.48438793307287,68.0
269,3.0,0.37000000000000005,9.0,16.808244119310984,50.0
270,3.0,0.43000000000000005,0.0,28.34093947722431,43.0
271,3.0,0.43000000000000005,1.0,80.49753888670966,88.0
272,3.0,0.43000000000000005,2.0,45.000883222950506,70.0
273,3.0,0.43000000000000005,3.0,124.61624601374933,112.0
274,3.0,0.43000000000000005,4.0,231.9689306059663,164.0
275,3.0,0.43000000000000005,5.0,46.05347177349904,63.0
276,3.0,0.43000000000000005,6.0,69.43737622003391,83.0
277,3.0,0.43000000000000005,7.0,187.32999521880993,142.0
278,3.0,0.43000000000000005,8.0,66.51884660979704,73.0
279,3.0,0.43000000000000005,9.0,232.55279850683291,182.0
280,3.0,0.49000000000000005,0.0,29.516071757381724,44.0
281,3.0,0.49000000000000005,1.0,85.82781233936112,93.0
282,3.0,0.49000000000000005,2.0,42.39679070045531,59.0
283,3.0,0.49000000000000005,3.0,88.1951077356789,85.0
284,3.0,0.49000000000000005,4.0,120.75534211475315,118.0
285,3.0,0.49000000000000005,5.0,44.43098495933373,62.0
286,3.0,0.49000000000000005,6.0,63.2497510952453,78.0
287,3.0,0.49000000000000005,7.0,140.13809234266955,122.0
288,3.0,0.49000000000000005,8.0,48.38008040590648,46.0
289,3.0,0.49000000000000005,9.0,96.6105671057885,85.0
290,3.0,0.55,0.0,31.75148500733485,27.0
291,3.0,0.55,1.0,39.47403574302734,64.0
292,3.0,0.55,2.0,23.113862183017773,56.0
293,3.0,0.55,3.0,27.568193094659364,53.0
294,3.0,0.55,4.0,116.28182542835566,109.0
295,3.0,0.55,5.0,51.630958707784885,65.0
296,3.0,0.55,6.0,67.43319672270445,78.0
297,3.0,0.55,7.0,124.20758873365412,108.0
298,3.0,0.55,8.0,66.34373399019387,70.0
299,3.0,0.55,9.0,67.99181241824408,84.0
300,4.0,0.01,0.0,40.62659643977531,59.0
301,4.0,0.01,1.0,1719.9020276575975,1000.0
302,4.0,0.01,2.0,1743.7063710195507,991.0
303,4.0,0.01,3.0,73.54056630891137,65.0
304,4.0,0.01,4.0,1687.8840195299854,1000.0
305,4.0,0.01,5.0,1775.7895307505605,1000.0
306,4.0,0.01,6.0,1708.8968753499285,1000.0
307,4.0,0.01,7.0,1715.632096672518,966.0
308,4.0,0.01,8.0,1726.8142372808288,1000.0
309,4.0,0.01,9.0,79.79338047580677,79.0
310,4.0,0.07,0.0,20.937841811632097,55.0
311,4.0,0.07,1.0,1680.5400224430923,1000.0
312,4.0,0.07,2.0,1733.3090434628612,1000.0
313,4.0,0.07,3.0,33.920136903077946,54.0
314,4.0,0.07,4.0,1589.1783665320763,1000.0
315,4.0,0.07,5.0,189.64824028048315,161.0
316,4.0,0.07,6.0,1758.199977329481,1000.0
317,4.0,0.07,7.0,1203.7533240190533,688.0
318,4.0,0.07,8.0,635.3184310729193,398.0
319,4.0,0.07,9.0,948.2821511778384,560.0
320,4.0,0.13,0.0,58.62381148079294,73.0
321,4.0,0.13,1.0,1017.1188130795344,609.0
322,4.0,0.13,2.0,430.173388012925,306.0
323,4.0,0.13,3.0,43.5767304355395,63.0
324,4.0,0.13,4.0,200.45987508274266,180.0
325,4.0,0.13,5.0,1717.0827000046702,1000.0
326,4.0,0.13,6.0,67.36315394942358,68.0
327,4.0,0.13,7.0,1329.6917609488737,807.0
328,4.0,0.13,8.0,84.85848210494441,87.0
329,4.0,0.13,9.0,71.50843145535327,81.0
330,4.0,0.19000000000000003,0.0,47.80211199512269,69.0
331,4.0,0.19000000000000003,1.0,1659.4110688666333,1000.0
332,4.0,0.19000000000000003,2.0,43.169513577486214,61.0
333,4.0,0.19000000000000003,3.0,155.35389141491032,131.0
334,4.0,0.19000000000000003,4.0,264.28048816103546,210.0
335,4.0,0.19000000000000003,5.0,327.6058971542152,233.0
336,4.0,0.19000000000000003,6.0,55.52928714620066,73.0
337,4.0,0.19000000000000003,7.0,149.77151869927184,140.0
338,4.0,0.19000000000000003,8.0,425.496503474933,293.0
339,4.0,0.19000000000000003,9.0,135.16341725182428,125.0
340,4.0,0.25,0.0,67.37889198511402,70.0
341,4.0,0.25,1.0,460.65422017251694,298.0
342,4.0,0.25,2.0,37.862772771914024,48.0
343,4.0,0.25,3.0,162.68939427022997,162.0
344,4.0,0.25,4.0,138.29700670094462,131.0
345,4.0,0.25,5.0,141.05465785510023,134.0
346,4.0,0.25,6.0,36.40724467300606,63.0
347,4.0,0.25,7.0,62.239047348521126,67.0
348,4.0,0.25,8.0,70.68347701393213,78.0
349,4.0,0.25,9.0,186.89402138144942,177.0
350,4.0,0.31000000000000005,0.0,49.950512322815484,61.0
351,4.0,0.31000000000000005,1.0,37.644663052327815,62.0
352,4.0,0.31000000000000005,2.0,176.70317396779865,162.0
353,4.0,0.31000000000000005,3.0,344.0444966973082,247.0
354,4.0,0.31000000000000005,4.0,222.3643363243682,173.0
355,4.0,0.31000000000000005,5.0,186.31603497751348,158.0
356,4.0,0.31000000000000005,6.0,154.04725522533408,142.0
357,4.0,0.31000000000000005,7.0,178.97091920578532,152.0
358,4.0,0.31000000000000005,8.0,49.80271787568927,63.0
359,4.0,0.31000000000000005,9.0,47.57655143064767,57.0
360,4.0,0.37000000000000005,0.0,49.42561486492923,56.0
361,4.0,0.37000000000000005,1.0,134.68091273697064,111.0
362,4.0,0.37000000000000005,2.0,77.60403991755447,81.0
363,4.0,0.37000000000000005,3.0,83.48316041933867,88.0
364,4.0,0.37000000000000005,4.0,161.4037425182105,133.0
365,4.0,0.37000000000000005,5.0,86.74945836012193,82.0
366,4.0,0.37000000000000005,6.0,89.4971255944256,102.0
367,4.0,0.37000000000000005,7.0,300.9104560829146,218.0
368,4.0,0.37000000000000005,8.0,55.48438793307287,68.0
369,4.0,0.37000000000000005,9.0,16.808244119310984,50.0
370,4.0,0.43000000000000005,0.0,28.34093947722431,43.0
371,4.0,0.43000000000000005,1.0,80.49753888670966,88.0
372,4.0,0.43000000000000005,2.0,45.000883222950506,70.0
373,4.0,0.43000000000000005,3.0,124.61624601374933,112.0
374,4.0,0.43000000000000005,4.0,231.9689306059663,164.0
375,4.0,0.43000000000000005,5.0,46.05347177349904,63.0
376,4.0,0.43000000000000005,6.0,69.43737622003391,83.0
377,4.0,0.43000000000000005,7.0,187.32999521880993,142.0
378,4.0,0.43000000000000005,8.0,66.51884660979704,73.0
379,4.0,0.43000000000000005,9.0,232.55279850683291,182.0
380,4.0,0.49000000000000005,0.0,29.516071757381724,44.0
381,4.0,0.49000000000000005,1.0,85.82781233936112,93.0
382,4.0,0.49000000000000005,2.0,42.39679070045531,59.0
383,4.0,0.49000000000000005,3.0,88.1951077356789,85.0
384,4.0,0.49000000000000005,4.0,120.75534211475315,118.0
385,4.0,0.49000000000000005,5.0,44.43098495933373,62.0
386,4.0,0.49000000000000005,6.0,63.2497510952453,78.0
387,4.0,0.49000000000000005,7.0,140.13809234266955,122.0
388,4.0,0.49000000000000005,8.0,48.38008040590648,46.0
389,4.0,0.49000000000000005,9.0,96.6105671057885,85.0
390,4.0,0.55,0.0,31.75148500733485,27.0
391,4.0,0.55,1.0,39.47403574302734,64.0
392,4.0,0.55,2.0,23.113862183017773,56.0
393,4.0,0.55,3.0,27.568193094659364,53.0
394,4.0,0.55,4.0,116.28182542835566,109.0
395,4.0,0.55,5.0,51.630958707784885,65.0
396,4.0,0.55,6.0,67.43319672270445,78.0
397,4.0,0.55,7.0,124.20758873365412,108.0
398,4.0,0.55,8.0,66.34373399019387,70.0
399,4.0,0.55,9.0,67.99181241824408,84.0
400,5.0,0.01,0.0,40.62659643977531,59.0
401,5.0,0.01,1.0,1719.9020276575975,1000.0
402,5.0,0.01,2.0,1743.7063710195507,991.0
403,5.0,0.01,3.0,73.54056630891137,65.0
404,5.0,0.01,4.0,1687.8840195299854,1000.0
405,5.0,0.01,5.0,1775.7895307505605,1000.0
406,5.0,0.01,6.0,1708.8968753499285,1000.0
407,5.0,0.01,7.0,1715.632096672518,966.0
408,5.0,0.01,8.0,1726.8142372808288,1000.0
409,5.0,0.01,9.0,79.79338047580677,79.0
410,5.0,0.07,0.0,20.937841811632097,55.0
411,5.0,0.07,1.0,1680.5400224430923,1000.0
412,5.0,0.07,2.0,1733.3090434628612,1000.0
413,5.0,0.07,3.0,33.920136903077946,54.0
414,5.0,0.07,4.0,1589.1783665320763,1000.0
415,5.0,0.07,5.0,189.64824028048315,161.0
416,5.0,0.07,6.0,1758.199977329481,1000.0
417,5.0,0.07,7.0,1203.7533240190533,688.0
418,5.0,0.07,8.0,635.3184310729193,398.0
419,5.0,0.07,9.0,948.2821511778384,560.0
420,5.0,0.13,0.0,58.62381148079294,73.0
421,5.0,0.13,1.0,1017.1188130795344,609.0
422,5.0,0.13,2.0,430.173388012925,306.0
423,5.0,0.13,3.0,43.5767304355395,63.0
424,5.0,0.13,4.0,200.45987508274266,180.0
425,5.0,0.13,5.0,1717.0827000046702,1000.0
426,5.0,0.13,6.0,67.36315394942358,68.0
427,5.0,0.13,7.0,1329.6917609488737,807.0
428,5.0,0.13,8.0,84.85848210494441,87.0
429,5.0,0.13,9.0,71.50843145535327,81.0
430,5.0,0.19000000000000003,0.0,47.80211199512269,69.0
431,5.0,0.19000000000000003,1.0,1659.4110688666333,1000.0
432,5.0,0.19000000000000003,2.0,43.169513577486214,61.0
433,5.0,0.19000000000000003,3.0,155.35389141491032,131.0
434,5.0,0.19000000000000003,4.0,264.28048816103546,210.0
435,5.0,0.19000000000000003,5.0,327.6058971542152,233.0
436,5.0,0.19000000000000003,6.0,55.52928714620066,73.0
437,5.0,0.19000000000000003,7.0,149.77151869927184,140.0
438,5.0,0.19000000000000003,8.0,425.496503474933,293.0
439,5.0,0.19000000000000003,9.0,135.16341725182428,125.0
440,5.0,0.25,0.0,67.37889198511402,70.0
441,5.0,0.25,1.0,460.65422017251694,298.0
442,5.0,0.25,2.0,37.862772771914024,48.0
443,5.0,0.25,3.0,162.68939427022997,162.0
444,5.0,0.25,4.0,138.29700670094462,131.0
445,5.0,0.25,5.0,141.05465785510023,134.0
446,5.0,0.25,6.0,36.40724467300606,63.0
447,5.0,0.25,7.0,62.239047348521126,67.0
448,5.0,0.25,8.0,70.68347701393213,78.0
449,5.0,0.25,9.0,186.89402138144942,177.0
450,5.0,0.31000000000000005,0.0,49.950512322815484,61.0
451,5.0,0.31000000000000005,1.0,37.644663052327815,62.0
452,5.0,0.31000000000000005,2.0,176.70317396779865,162.0
453,5.0,0.31000000000000005,3.0,344.0444966973082,247.0
454,5.0,0.31000000000000005,4.0,222.3643363243682,173.0
455,5.0,0.31000000000000005,5.0,186.31603497751348,158.0
456,5.0,0.31000000000000005,6.0,154.04725522533408,142.0
457,5.0,0.31000000000000005,7.0,178.97091920578532,152.0
458,5.0,0.31000000000000005,8.0,49.80271787568927,63.0
459,5.0,0.31000000000000005,9.0,47.57655143064767,57.0
460,5.0,0.37000000000000005,0.0,49.42561486492923,56.0
461,5.0,0.37000000000000005,1.0,134.68091273697064,111.0
462,5.0,0.37000000000000005,2.0,77.60403991755447,81.0
463,5.0,0.37000000000000005,3.0,83.48316041933867,88.0
464,5.0,0.37000000000000005,4.0,161.4037425182105,133.0
465,5.0,0.37000000000000005,5.0,86.74945836012193,82.0
466,5.0,0.37000000000000005,6.0,89.4971255944256,102.0
467,5.0,0.37000000000000005,7.0,300.9104560829146,218.0
468,5.0,0.37000000000000005,8.0,55.48438793307287,68.0
469,5.0,0.37000000000000005,9.0,16.808244119310984,50.0
470,5.0,0.43000000000000005,0.0,28.34093947722431,43.0
471,5.0,0.43000000000000005,1.0,80.49753888670966,88.0
472,5.0,0.43000000000000005,2.0,45.000883222950506,70.0
473,5.0,0.43000000000000005,3.0,124.61624601374933,112.0
474,5.0,0.43000000000000005,4.0,231.9689306059663,164.0
475,5.0,0.43000000000000005,5.0,46.05347177349904,63.0
476,5.0,0.43000000000000005,6.0,69.43737622003391,83.0
477,5.0,0.43000000000000005,7.0,187.32999521880993,142.0
478,5.0,0.43000000000000005,8.0,66.51884660979704,73.0
479,5.0,0.43000000000000005,9.0,232.55279850683291,182.0
480,5.0,0.49000000000000005,0.0,29.516071757381724,44.0
481,5.0,0.49000000000000005,1.0,85.82781233936112,93.0
482,5.0,0.49000000000000005,2.0,42.39679070045531,59.0
483,5.0,0.49000000000000005,3.0,88.1951077356789,85.0
484,5.0,0.49000000000000005,4.0,120.75534211475315,118.0
485,5.0,0.49000000000000005,5.0,44.43098495933373,62.0
486,5.0,0.49000000000000005,6.0,63.2497510952453,78.0
487,5.0,0.49000000000000005,7.0,140.13809234266955,122.0
488,5.0,0.49000000000000005,8.0,48.38008040590648,46.0
489,5.0,0.49000000000000005,9.0,96.6105671057885,85.0
490,5.0,0.55,0.0,31.75148500733485,27.0
491,5.0,0.55,1.0,39.47403574302734,64.0
492,5.0,0.55,2.0,23.113862183017773,56.0
493,5.0,0.55,3.0,27.568193094659364,53.0
494,5.0,0.55,4.0,116.28182542835566,109.0
495,5.0,0.55,5.0,51.630958707784885,65.0
496,5.0,0.55,6.0,67.43319672270445,78.0
497,5.0,0.55,7.0,124.20758873365412,108.0
498,5.0,0.55,8.0,66.34373399019387,70.0
499,5.0,0.55,9.0,67.99181241824408,84.0
500,6.0,0.01,0.0,40.62659643977531,59.0
501,6.0,0.01,1.0,1719.9020276575975,1000.0
502,6.0,0.01,2.0,1743.7063710195507,991.0
503,6.0,0.01,3.0,73.54056630891137,65.0
504,6.0,0.01,4.0,1687.8840195299854,1000.0
505,6.0,0.01,5.0,1775.7895307505605,1000.0
506,6.0,0.01,6.0,1708.8968753499285,1000.0
507,6.0,0.01,7.0,1715.632096672518,966.0
508,6.0,0.01,8.0,1726.8142372808288,1000.0
509,6.0,0.01,9.0,79.79338047580677,79.0
510,6.0,0.07,0.0,20.937841811632097,55.0
511,6.0,0.07,1.0,1680.5400224430923,1000.0
512,6.0,0.07,2.0,1733.3090434628612,1000.0
513,6.0,0.07,3.0,33.920136903077946,54.0
514,6.0,0.07,4.0,1589.1783665320763,1000.0
515,6.0,0.07,5.0,189.64824028048315,161.0
516,6.0,0.07,6.0,1758.199977329481,1000.0
517,6.0,0.07,7.0,1203.7533240190533,688.0
518,6.0,0.07,8.0,635.3184310729193,398.0
519,6.0,0.07,9.0,948.2821511778384,560.0
520,6.0,0.13,0.0,58.62381148079294,73.0
521,6.0,0.13,1.0,1017.1188130795344,609.0
522,6.0,0.13,2.0,430.173388012925,306.0
523,6.0,0.13,3.0,43.5767304355395,63.0
524,6.0,0.13,4.0,200.45987508274266,180.0
525,6.0,0.13,5.0,1717.0827000046702,1000.0
526,6.0,0.13,6.0,67.36315394942358,68.0
527,6.0,0.13,7.0,1329.6917609488737,807.0
528,6.0,0.13,8.0,84.85848210494441,87.0
529,6.0,0.13,9.0,71.50843145535327,81.0
530,6.0,0.19000000000000003,0.0,47.80211199512269,69.0
531,6.0,0.19000000000000003,1.0,1659.4110688666333,1000.0
532,6.0,0.19000000000000003,2.0,43.169513577486214,61.0
533,6.0,0.19000000000000003,3.0,155.35389141491032,131.0
534,6.0,0.19000000000000003,4.0,264.28048816103546,210.0
535,6.0,0.19000000000000003,5.0,327.6058971542152,233.0
536,6.0,0.19000000000000003,6.0,55.52928714620066,73.0
537,6.0,0.19000000000000003,7.0,149.77151869927184,140.0
538,6.0,0.19000000000000003,8.0,425.496503474933,293.0
539,6.0,0.19000000000000003,9.0,135.16341725182428,125.0
540,6.0,0.25,0.0,67.37889198511402,70.0
541,6.0,0.25,1.0,460.65422017251694,298.0
542,6.0,0.25,2.0,37.862772771914024,48.0
543,6.0,0.25,3.0,162.68939427022997,162.0
544,6.0,0.25,4.0,138.29700670094462,131.0
545,6.0,0.25,5.0,141.05465785510023,134.0
546,6.0,0.25,6.0,36.40724467300606,63.0
547,6.0,0.25,7.0,62.239047348521126,67.0
548,6.0,0.25,8.0,70.68347701393213,78.0
549,6.0,0.25,9.0,186.89402138144942,177.0
550,6.0,0.31000000000000005,0.0,49.950512322815484,61.0
551,6.0,0.31000000000000005,1.0,37.644663052327815,62.0
552,6.0,0.31000000000000005,2.0,176.70317396779865,162.0
553,6.0,0.31000000000000005,3.0,344.0444966973082,247.0
554,6.0,0.31000000000000005,4.0,222.3643363243682,173.0
555,6.0,0.31000000000000005,5.0,186.31603497751348,158.0
556,6.0,0.31000000000000005,6.0,154.04725522533408,142.0
557,6.0,0.31000000000000005,7.0,178.97091920578532,152.0
558,6.0,0.31000000000000005,8.0,49.80271787568927,63.0
559,6.0,0.31000000000000005,9.0,47.57655143064767,57.0
560,6.0,0.37000000000000005,0.0,49.42561486492923,56.0
561,6.0,0.37000000000000005,1.0,134.68091273697064,111.0
562,6.0,0.37000000000000005,2.0,77.60403991755447,81.0
563,6.0,0.37000000000000005,3.0,83.48316041933867,88.0
564,6.0,0.37000000000000005,4.0,161.4037425182105,133.0
565,6.0,0.37000000000000005,5.0,86.74945836012193,82.0
566,6.0,0.37000000000000005,6.0,89.4971255944256,102.0
567,6.0,0.37000000000000005,7.0,300.9104560829146,218.0
568,6.0,0.37000000000000005,8.0,55.48438793307287,68.0
569,6.0,0.37000000000000005,9.0,16.808244119310984,50.0
570,6.0,0.43000000000000005,0.0,28.34093947722431,43.0
571,6.0,0.43000000000000005,1.0,80.49753888670966,88.0
572,6.0,0.43000000000000005,2.0,45.000883222950506,70.0
573,6.0,0.43000000000000005,3.0,124.61624601374933,112.0
574,6.0,0.43000000000000005,4.0,231.9689306059663,164.0
575,6.0,0.43000000000000005,5.0,46.05347177349904,63.0
576,6.0,0.43000000000000005,6.0,69.43737622003391,83.0
577,6.0,0.43000000000000005,7.0,187.32999521880993,142.0
578,6.0,0.43000000000000005,8.0,66.51884660979704,73.0
579,6.0,0.43000000000000005,9.0,232.55279850683291,182.0
580,6.0,0.49000000000000005,0.0,29.516071757381724,44.0
581,6.0,0.49000000000000005,1.0,85.82781233936112,93.0
582,6.0,0.49000000000000005,2.0,42.39679070045531,59.0
583,6.0,0.49000000000000005,3.0,88.1951077356789,85.0
584,6.0,0.49000000000000005,4.0,120.75534211475315,118.0
585,6.0,0.49000000000000005,5.0,44.43098495933373,62.0
586,6.0,0.49000000000000005,6.0,63.2497510952453,78.0
587,6.0,0.49000000000000005,7.0,140.13809234266955,122.0
588,6.0,0.49000000000000005,8.0,48.38008040590648,46.0
589,6.0,0.49000000000000005,9.0,96.6105671057885,85.0
590,6.0,0.55,0.0,31.75148500733485,27.0
591,6.0,0.55,1.0,39.47403574302734,64.0
592,6.0,0.55,2.0,23.113862183017773,56.0
593,6.0,0.55,3.0,27.568193094659364,53.0
594,6.0,0.55,4.0,116.28182542835566,109.0
595,6.0,0.55,5.0,51.630958707784885,65.0
596,6.0,0.55,6.0,67.43319672270445,78.0
597,6.0,0.55,7.0,124.20758873365412,108.0
598,6.0,0.55,8.0,66.34373399019387,70.0
599,6.0,0.55,9.0,67.99181241824408,84.0
600,7.0,0.01,0.0,40.62659643977531,59.0
601,7.0,0.01,1.0,1719.9020276575975,1000.0
602,7.0,0.01,2.0,1743.7063710195507,991.0
603,7.0,0.01,3.0,73.54056630891137,65.0
604,7.0,0.01,4.0,1687.8840195299854,1000.0
605,7.0,0.01,5.0,1775.7895307505605,1000.0
606,7.0,0.01,6.0,1708.8968753499285,1000.0
607,7.0,0.01,7.0,1715.632096672518,966.0
608,7.0,0.01,8.0,1726.8142372808288,1000.0
609,7.0,0.01,9.0,79.79338047580677,79.0
610,7.0,0.07,0.0,20.937841811632097,55.0
611,7.0,0.07,1.0,1680.5400224430923,1000.0
612,7.0,0.07,2.0,1733.3090434628612,1000.0
613,7.0,0.07,3.0,33.920136903077946,54.0
614,7.0,0.07,4.0,1589.1783665320763,1000.0
615,7.0,0.07,5.0,189.64824028048315,161.0
616,7.0,0.07,6.0,1758.199977329481,1000.0
617,7.0,0.07,7.0,1203.7533240190533,688.0
618,7.0,0.07,8.0,635.3184310729193,398.0
619,7.0,0.07,9.0,948.2821511778384,560.0
620,7.0,0.13,0.0,58.62381148079294,73.0
621,7.0,0.13,1.0,1017.1188130795344,609.0
622,7.0,0.13,2.0,430.173388012925,306.0
623,7.0,0.13,3.0,43.5767304355395,63.0
624,7.0,0.13,4.0,200.45987508274266,180.0
625,7.0,0.13,5.0,1717.0827000046702,1000.0
626,7.0,0.13,6.0,67.36315394942358,68.0
627,7.0,0.13,7.0,1329.6917609488737,807.0
628,7.0,0.13,8.0,84.85848210494441,87.0
629,7.0,0.13,9.0,71.50843145535327,81.0
630,7.0,0.19000000000000003,0.0,47.80211199512269,69.0
631,7.0,0.19000000000000003,1.0,1659.4110688666333,1000.0
632,7.0,0.19000000000000003,2.0,43.169513577486214,61.0
633,7.0,0.19000000000000003,3.0,155.35389141491032,131.0
634,7.0,0.19000000000000003,4.0,264.28048816103546,210.0
635,7.0,0.19000000000000003,5.0,327.6058971542152,233.0
636,7.0,0.19000000000000003,6.0,55.52928714620066,73.0
637,7.0,0.19000000000000003,7.0,149.77151869927184,140.0
638,7.0,0.19000000000000003,8.0,425.496503474933,293.0
639,7.0,0.19000000000000003,9.0,135.16341725182428,125.0
640,7.0,0.25,0.0,67.37889198511402,70.0
641,7.0,0.25,1.0,460.65422017251694,298.0
642,7.0,0.25,2.0,37.862772771914024,48.0
643,7.0,0.25,3.0,162.68939427022997,162.0
644,7.0,0.25,4.0,138.29700670094462,131.0
645,7.0,0.25,5.0,141.05465785510023,134.0
646,7.0,0.25,6.0,36.40724467300606,63.0
647,7.0,0.25,7.0,62.239047348521126,67.0
648,7.0,0.25,8.0,70.68347701393213,78.0
649,7.0,0.25,9.0,186.89402138144942,177.0
650,7.0,0.31000000000000005,0.0,49.950512322815484,61.0
651,7.0,0.31000000000000005,1.0,37.644663052327815,62.0
652,7.0,0.31000000000000005,2.0,176.70317396779865,162.0
653,7.0,0.31000000000000005,3.0,344.0444966973082,247.0
654,7.0,0.31000000000000005,4.0,222.3643363243682,173.0
655,7.0,0.31000000000000005,5.0,186.31603497751348,158.0
656,7.0,0.31000000000000005,6.0,154.04725522533408,142.0
657,7.0,0.31000000000000005,7.0,178.97091920578532,152.0
658,7.0,0.31000000000000005,8.0,49.80271787568927,63.0
659,7.0,0.31000000000000005,9.0,47.57655143064767,57.0
660,7.0,0.37000000000000005,0.0,49.42561486492923,56.0
661,7.0,0.37000000000000005,1.0,134.68091273697064,111.0
662,7.0,0.37000000000000005,2.0,77.60403991755447,81.0
663,7.0,0.37000000000000005,3.0,83.48316041933867,88.0
664,7.0,0.37000000000000005,4.0,161.4037425182105,133.0
665,7.0,0.37000000000000005,5.0,86.74945836012193,82.0
666,7.0,0.37000000000000005,6.0,89.4971255944256,102.0
667,7.0,0.37000000000000005,7.0,300.9104560829146,218.0
668,7.0,0.37000000000000005,8.0,55.48438793307287,68.0
669,7.0,0.37000000000000005,9.0,16.808244119310984,50.0
670,7.0,0.43000000000000005,0.0,28.34093947722431,43.0
671,7.0,0.43000000000000005,1.0,80.49753888670966,88.0
672,7.0,0.43000000000000005,2.0,45.000883222950506,70.0
673,7.0,0.43000000000000005,3.0,124.61624601374933,112.0
674,7.0,0.43000000000000005,4.0,231.9689306059663,164.0
675,7.0,0.43000000000000005,5.0,46.05347177349904,63.0
676,7.0,0.43000000000000005,6.0,69.43737622003391,83.0
677,7.0,0.43000000000000005,7.0,187.32999521880993,142.0
678,7.0,0.43000000000000005,8.0,66.51884660979704,73.0
679,7.0,0.43000000000000005,9.0,232.55279850683291,182.0
680,7.0,0.49000000000000005,0.0,29.516071757381724,44.0
681,7.0,0.49000000000000005,1.0,85.82781233936112,93.0
682,7.0,0.49000000000000005,2.0,42.39679070045531,59.0
683,7.0,0.49000000000000005,3.0,88.1951077356789,85.0
684,7.0,0.49000000000000005,4.0,120.75534211475315,118.0
685,7.0,0.49000000000000005,5.0,44.43098495933373,62.0
686,7.0,0.49000000000000005,6.0,63.2497510952453,78.0
687,7.0,0.49000000000000005,7.0,140.13809234266955,122.0
688,7.0,0.49000000000000005,8.0,48.38008040590648,46.0
689,7.0,0.49000000000000005,9.0,96.6105671057885,85.0
690,7.0,0.55,0.0,31.75148500733485,27.0
691,7.0,0.55,1.0,39.47403574302734,64.0
692,7.0,0.55,2.0,23.113862183017773,56.0
693,7.0,0.55,3.0,27.568193094659364,53.0
694,7.0,0.55,4.0,116.28182542835566,109.0
695,7.0,0.55,5.0,51.630958707784885,65.0
696,7.0,0.55,6.0,67.43319672270445,78.0
697,7.0,0.55,7.0,124.20758873365412,108.0
698,7.0,0.55,8.0,66.34373399019387,70.0
699,7.0,0.55,9.0,67.99181241824408,84.0
700,8.0,0.01,0.0,40.62659643977531,59.0
701,8.0,0.01,1.0,1719.9020276575975,1000.0
702,8.0,0.01,2.0,1743.7063710195507,991.0
703,8.0,0.01,3.0,73.54056630891137,65.0
704,8.0,0.01,4.0,1687.8840195299854,1000.0
705,8.0,0.01,5.0,1775.7895307505605,1000.0
706,8.0,0.01,6.0,1708.8968753499285,1000.0
707,8.0,0.01,7.0,1715.632096672518,966.0
708,8.0,0.01,8.0,1726.8142372808288,1000.0
709,8.0,0.01,9.0,79.79338047580677,79.0
710,8.0,0.07,0.0,20.937841811632097,55.0
711,8.0,0.07,1.0,1680.5400224430923,1000.0
712,8.0,0.07,2.0,1733.3090434628612,1000.0
713,8.0,0.07,3.0,33.920136903077946,54.0
714,8.0,0.07,4.0,1589.1783665320763,1000.0
715,8.0,0.07,5.0,189.64824028048315,161.0
716,8.0,0.07,6.0,1758.199977329481,1000.0
717,8.0,0.07,7.0,1203.7533240190533,688.0
718,8.0,0.07,8.0,635.3184310729193,398.0
719,8.0,0.07,9.0,948.2821511778384,560.0
720,8.0,0.13,0.0,58.62381148079294,73.0
721,8.0,0.13,1.0,1017.1188130795344,609.0
722,8.0,0.13,2.0,430.173388012925,306.0
723,8.0,0.13,3.0,43.5767304355395,63.0
724,8.0,0.13,4.0,200.45987508274266,180.0
725,8.0,0.13,5.0,1717.0827000046702,1000.0
726,8.0,0.13,6.0,67.36315394942358,68.0
727,8.0,0.13,7.0,1329.6917609488737,807.0
728,8.0,0.13,8.0,84.85848210494441,87.0
729,8.0,0.13,9.0,71.50843145535327,81.0
730,8.0,0.19000000000000003,0.0,47.80211199512269,69.0
731,8.0,0.19000000000000003,1.0,1659.4110688666333,1000.0
732,8.0,0.19000000000000003,2.0,43.169513577486214,61.0
733,8.0,0.19000000000000003,3.0,155.35389141491032,131.0
734,8.0,0.19000000000000003,4.0,264.28048816103546,210.0
735,8.0,0.19000000000000003,5.0,327.6058971542152,233.0
736,8.0,0.19000000000000003,6.0,55.52928714620066,73.0
737,8.0,0.19000000000000003,7.0,149.77151869927184,140.0
738,8.0,0.19000000000000003,8.0,425.496503474933,293.0
739,8.0,0.19000000000000003,9.0,135.16341725182428,125.0
740,8.0,0.25,0.0,67.37889198511402,70.0
741,8.0,0.25,1.0,460.65422017251694,298.0
742,8.0,0.25,2.0,37.862772771914024,48.0
743,8.0,0.25,3.0,162.68939427022997,162.0
744,8.0,0.25,4.0,138.29700670094462,131.0
745,8.0,0.25,5.0,141.05465785510023,134.0
746,8.0,0.25,6.0,36.40724467300606,63.0
747,8.0,0.25,7.0,62.239047348521126,67.0
748,8.0,0.25,8.0,70.68347701393213,78.0
749,8.0,0.25,9.0,186.89402138144942,177.0
750,8.0,0.31000000000000005,0.0,49.950512322815484,61.0
751,8.0,0.31000000000000005,1.0,37.644663052327815,62.0
752,8.0,0.31000000000000005,2.0,176.70317396779865,162.0
753,8.0,0.31000000000000005,3.0,344.0444966973082,247.0
754,8.0,0.31000000000000005,4.0,222.3643363243682,173.0
755,8.0,0.31000000000000005,5.0,186.31603497751348,158.0
756,8.0,0.31000000000000005,6.0,154.04725522533408,142.0
757,8.0,0.31000000000000005,7.0,178.97091920578532,152.0
758,8.0,0.31000000000000005,8.0,49.80271787568927,63.0
759,8.0,0.31000000000000005,9.0,47.57655143064767,57.0
760,8.0,0.37000000000000005,0.0,49.42561486492923,56.0
761,8.0,0.37000000000000005,1.0,134.68091273697064,111.0
762,8.0,0.37000000000000005,2.0,77.60403991755447,81.0
763,8.0,0.37000000000000005,3.0,83.48316041933867,88.0
764,8.0,0.37000000000000005,4.0,161.4037425182105,133.0
765,8.0,0.37000000000000005,5.0,86.74945836012193,82.0
766,8.0,0.37000000000000005,6.0,89.4971255944256,102.0
767,8.0,0.37000000000000005,7.0,300.9104560829146,218.0
768,8.0,0.37000000000000005,8.0,55.48438793307287,68.0
769,8.0,0.37000000000000005,9.0,16.808244119310984,50.0
770,8.0,0.43000000000000005,0.0,28.34093947722431,43.0
771,8.0,0.43000000000000005,1.0,80.49753888670966,88.0
772,8.0,0.43000000000000005,2.0,45.000883222950506,70.0
773,8.0,0.43000000000000005,3.0,124.61624601374933,112.0
774,8.0,0.43000000000000005,4.0,231.9689306059663,164.0
775,8.0,0.43000000000000005,5.0,46.05347177349904,63.0
776,8.0,0.43000000000000005,6.0,69.43737622003391,83.0
777,8.0,0.43000000000000005,7.0,187.32999521880993,142.0
778,8.0,0.43000000000000005,8.0,66.51884660979704,73.0
779,8.0,0.43000000000000005,9.0,232.55279850683291,182.0
780,8.0,0.49000000000000005,0.0,29.516071757381724,44.0
781,8.0,0.49000000000000005,1.0,85.82781233936112,93.0
782,8.0,0.49000000000000005,2.0,42.39679070045531,59.0
783,8.0,0.49000000000000005,3.0,88.1951077356789,85.0
784,8.0,0.49000000000000005,4.0,120.75534211475315,118.0
785,8.0,0.49000000000000005,5.0,44.43098495933373,62.0
786,8.0,0.49000000000000005,6.0,63.2497510952453,78.0
787,8.0,0.49000000000000005,7.0,140.13809234266955,122.0
788,8.0,0.49000000000000005,8.0,48.38008040590648,46.0
789,8.0,0.49000000000000005,9.0,96.6105671057885,85.0
790,8.0,0.55,0.0,31.75148500733485,27.0
791,8.0,0.55,1.0,39.47403574302734,64.0
792,8.0,0.55,2.0,23.113862183017773,56.0
793,8.0,0.55,3.0,27.568193094659364,53.0
794,8.0,0.55,4.0,116.28182542835566,109.0
795,8.0,0.55,5.0,51.630958707784885,65.0
796,8.0,0.55,6.0,67.43319672270445,78.0
797,8.0,0.55,7.0,124.20758873365412,108.0
798,8.0,0.55,8.0,66.34373399019387,70.0
799,8.0,0.55,9.0,67.99181241824408,84.0
800,9.0,0.01,0.0,40.62659643977531,59.0
801,9.0,0.01,1.0,1719.9020276575975,1000.0
802,9.0,0.01,2.0,1743.7063710195507,991.0
803,9.0,0.01,3.0,73.54056630891137,65.0
804,9.0,0.01,4.0,1687.8840195299854,1000.0
805,9.0,0.01,5.0,1775.7895307505605,1000.0
806,9.0,0.01,6.0,1708.8968753499285,1000.0
807,9.0,0.01,7.0,1715.632096672518,966.0
808,9.0,0.01,8.0,1726.8142372808288,1000.0
809,9.0,0.01,9.0,79.79338047580677,79.0
810,9.0,0.07,0.0,20.937841811632097,55.0
811,9.0,0.07,1.0,1680.5400224430923,1000.0
812,9.0,0.07,2.0,1733.3090434628612,1000.0
813,9.0,0.07,3.0,33.920136903077946,54.0
814,9.0,0.07,4.0,1589.1783665320763,1000.0
815,9.0,0.07,5.0,189.64824028048315,161.0
816,9.0,0.07,6.0,1758.199977329481,1000.0
817,9.0,0.07,7.0,1203.7533240190533,688.0
818,9.0,0.07,8.0,635.3184310729193,398.0
819,9.0,0.07,9.0,948.2821511778384,560.0
820,9.0,0.13,0.0,58.62381148079294,73.0
821,9.0,0.13,1.0,1017.1188130795344,609.0
822,9.0,0.13,2.0,430.173388012925,306.0
823,9.0,0.13,3.0,43.5767304355395,63.0
824,9.0,0.13,4.0,200.45987508274266,180.0
825,9.0,0.13,5.0,1717.0827000046702,1000.0
826,9.0,0.13,6.0,67.36315394942358,68.0
827,9.0,0.13,7.0,1329.6917609488737,807.0
828,9.0,0.13,8.0,84.85848210494441,87.0
829,9.0,0.13,9.0,71.50843145535327,81.0
830,9.0,0.19000000000000003,0.0,47.80211199512269,69.0
831,9.0,0.19000000000000003,1.0,1659.4110688666333,1000.0
832,9.0,0.19000000000000003,2.0,43.169513577486214,61.0
833,9.0,0.19000000000000003,3.0,155.35389141491032,131.0
834,9.0,0.19000000000000003,4.0,264.28048816103546,210.0
835,9.0,0.19000000000000003,5.0,327.6058971542152,233.0
836,9.0,0.19000000000000003,6.0,55.52928714620066,73.0
837,9.0,0.19000000000000003,7.0,149.77151869927184,140.0
838,9.0,0.19000000000000003,8.0,425.496503474933,293.0
839,9.0,0.19000000000000003,9.0,135.16341725182428,125.0
840,9.0,0.25,0.0,67.37889198511402,70.0
841,9.0,0.25,1.0,460.65422017251694,298.0
842,9.0,0.25,2.0,37.862772771914024,48.0
843,9.0,0.25,3.0,162.68939427022997,162.0
844,9.0,0.25,4.0,138.29700670094462,131.0
845,9.0,0.25,5.0,141.05465785510023,134.0
846,9.0,0.25,6.0,36.40724467300606,63.0
847,9.0,0.25,7.0,62.239047348521126,67.0
848,9.0,0.25,8.0,70.68347701393213,78.0
849,9.0,0.25,9.0,186.89402138144942,177.0
850,9.0,0.31000000000000005,0.0,49.950512322815484,61.0
851,9.0,0.31000000000000005,1.0,37.644663052327815,62.0
852,9.0,0.31000000000000005,2.0,176.70317396779865,162.0
853,9.0,0.31000000000000005,3.0,344.0444966973082,247.0
854,9.0,0.31000000000000005,4.0,222.3643363243682,173.0
855,9.0,0.31000000000000005,5.0,186.31603497751348,158.0
856,9.0,0.31000000000000005,6.0,154.04725522533408,142.0
857,9.0,0.31000000000000005,7.0,178.97091920578532,152.0
858,9.0,0.31000000000000005,8.0,49.80271787568927,63.0
859,9.0,0.31000000000000005,9.0,47.57655143064767,57.0
860,9.0,0.37000000000000005,0.0,49.42561486492923,56.0
861,9.0,0.37000000000000005,1.0,134.68091273697064,111.0
862,9.0,0.37000000000000005,2.0,77.60403991755447,81.0
863,9.0,0.37000000000000005,3.0,83.48316041933867,88.0
864,9.0,0.37000000000000005,4.0,161.4037425182105,133.0
865,9.0,0.37000000000000005,5.0,86.74945836012193,82.0
866,9.0,0.37000000000000005,6.0,89.4971255944256,102.0
867,9.0,0.37000000000000005,7.0,300.9104560829146,218.0
868,9.0,0.37000000000000005,8.0,55.48438793307287,68.0
869,9.0,0.37000000000000005,9.0,16.808244119310984,50.0
870,9.0,0.43000000000000005,0.0,28.34093947722431,43.0
871,9.0,0.43000000000000005,1.0,80.49753888670966,88.0
872,9.0,0.43000000000000005,2.0,45.000883222950506,70.0
873,9.0,0.43000000000000005,3.0,124.61624601374933,112.0
874,9.0,0.43000000000000005,4.0,231.9689306059663,164.0
875,9.0,0.43000000000000005,5.0,46.05347177349904,63.0
876,9.0,0.43000000000000005,6.0,69.43737622003391,83.0
877,9.0,0.43000000000000005,7.0,187.32999521880993,142.0
878,9.0,0.43000000000000005,8.0,66.51884660979704,73.0
879,9.0,0.43000000000000005,9.0,232.55279850683291,182.0
880,9.0,0.49000000000000005,0.0,29.516071757381724,44.0
881,9.0,0.49000000000000005,1.0,85.82781233936112,93.0
882,9.0,0.49000000000000005,2.0,42.39679070045531,59.0
883,9.0,0.49000000000000005,3.0,88.1951077356789,85.0
884,9.0,0.49000000000000005,4.0,120.75534211475315,118.0
885,9.0,0.49000000000000005,5.0,44.43098495933373,62.0
886,9.0,0.49000000000000005,6.0,63.2497510952453,78.0
887,9.0,0.49000000000000005,7.0,140.13809234266955,122.0
888,9.0,0.49000000000000005,8.0,48.38008040590648,46.0
889,9.0,0.49000000000000005,9.0,96.6105671057885,85.0
890,9.0,0.55,0.0,31.75148500733485,27.0
891,9.0,0.55,1.0,39.47403574302734,64.0
892,9.0,0.55,2.0,23.113862183017773,56.0
893,9.0,0.55,3.0,27.568193094659364,53.0
894,9.0,0.55,4.0,116.28182542835566,109.0
895,9.0,0.55,5.0,51.630958707784885,65.0
896,9.0,0.55,6.0,67.43319672270445,78.0
897,9.0,0.55,7.0,124.20758873365412,108.0
898,9.0,0.55,8.0,66.34373399019387,70.0
899,9.0,0.55,9.0,67.99181241824408,84.0
900,10.0,0.01,0.0,40.62659643977531,59.0
901,10.0,0.01,1.0,1719.9020276575975,1000.0
902,10.0,0.01,2.0,1743.7063710195507,991.0
903,10.0,0.01,3.0,73.54056630891137,65.0
904,10.0,0.01,4.0,1687.8840195299854,1000.0
905,10.0,0.01,5.0,1775.7895307505605,1000.0
906,10.0,0.01,6.0,1708.8968753499285,1000.0
907,10.0,0.01,7.0,1715.632096672518,966.0
908,10.0,0.01,8.0,1726.8142372808288,1000.0
909,10.0,0.01,9.0,79.79338047580677,79.0
910,10.0,0.07,0.0,20.937841811632097,55.0
911,10.0,0.07,1.0,1680.5400224430923,1000.0
912,10.0,0.07,2.0,1733.3090434628612,1000.0
913,10.0,0.07,3.0,33.920136903077946,54.0
914,10.0,0.07,4.0,1589.1783665320763,1000.0
915,10.0,0.07,5.0,189.64824028048315,161.0
916,10.0,0.07,6.0,1758.199977329481,1000.0
917,10.0,0.07,7.0,1203.7533240190533,688.0
918,10.0,0.07,8.0,635.3184310729193,398.0
919,10.0,0.07,9.0,948.2821511778384,560.0
920,10.0,0.13,0.0,58.62381148079294,73.0
921,10.0,0.13,1.0,1017.1188130795344,609.0
922,10.0,0.13,2.0,430.173388012925,306.0
923,10.0,0.13,3.0,43.5767304355395,63.0
924,10.0,0.13,4.0,200.45987508274266,180.0
925,10.0,0.13,5.0,1717.0827000046702,1000.0
926,10.0,0.13,6.0,67.36315394942358,68.0
927,10.0,0.13,7.0,1329.6917609488737,807.0
928,10.0,0.13,8.0,84.85848210494441,87.0
929,10.0,0.13,9.0,71.50843145535327,81.0
930,10.0,0.19000000000000003,0.0,47.80211199512269,69.0
931,10.0,0.19000000000000003,1.0,1659.4110688666333,1000.0
932,10.0,0.19000000000000003,2.0,43.169513577486214,61.0
933,10.0,0.19000000000000003,3.0,155.35389141491032,131.0
934,10.0,0.19000000000000003,4.0,264.28048816103546,210.0
935,10.0,0.19000000000000003,5.0,327.6058971542152,233.0
936,10.0,0.19000000000000003,6.0,55.52928714620066,73.0
937,10.0,0.19000000000000003,7.0,149.77151869927184,140.0
938,10.0,0.19000000000000003,8.0,425.496503474933,293.0
939,10.0,0.19000000000000003,9.0,135.16341725182428,125.0
940,10.0,0.25,0.0,67.37889198511402,70.0
941,10.0,0.25,1.0,460.65422017251694,298.0
942,10.0,0.25,2.0,37.862772771914024,48.0
943,10.0,0.25,3.0,162.68939427022997,162.0
944,10.0,0.25,4.0,138.29700670094462,131.0
945,10.0,0.25,5.0,141.05465785510023,134.0
946,10.0,0.25,6.0,36.40724467300606,63.0
947,10.0,0.25,7.0,62.239047348521126,67.0
948,10.0,0.25,8.0,70.68347701393213,78.0
949,10.0,0.25,9.0,186.89402138144942,177.0
950,10.0,0.31000000000000005,0.0,49.950512322815484,61.0
951,10.0,0.31000000000000005,1.0,37.644663052327815,62.0
952,10.0,0.31000000000000005,2.0,176.70317396779865,162.0
953,10.0,0.31000000000000005,3.0,344.0444966973082,247.0
954,10.0,0.31000000000000005,4.0,222.3643363243682,173.0
955,10.0,0.31000000000000005,5.0,186.31603497751348,158.0
956,10.0,0.31000000000000005,6.0,154.04725522533408,142.0
957,10.0,0.31000000000000005,7.0,178.97091920578532,152.0
958,10.0,0.31000000000000005,8.0,49.80271787568927,63.0
959,10.0,0.31000000000000005,9.0,47.57655143064767,57.0
960,10.0,0.37000000000000005,0.0,49.42561486492923,56.0
961,10.0,0.37000000000000005,1.0,134.68091273697064,111.0
962,10.0,0.37000000000000005,2.0,77.60403991755447,81.0
963,10.0,0.37000000000000005,3.0,83.48316041933867,88.0
964,10.0,0.37000000000000005,4.0,161.4037425182105,133.0
965,10.0,0.37000000000000005,5.0,86.74945836012193,82.0
966,10.0,0.37000000000000005,6.0,89.4971255944256,102.0
967,10.0,0.37000000000000005,7.0,300.9104560829146,218.0
968,10.0,0.37000000000000005,8.0,55.48438793307287,68.0
969,10.0,0.37000000000000005,9.0,16.808244119310984,50.0
970,10.0,0.43000000000000005,0.0,28.34093947722431,43.0
971,10.0,0.43000000000000005,1.0,80.49753888670966,88.0
972,10.0,0.43000000000000005,2.0,45.000883222950506,70.0
973,10.0,0.43000000000000005,3.0,124.61624601374933,112.0
974,10.0,0.43000000000000005,4.0,231.9689306059663,164.0
975,10.0,0.43000000000000005,5.0,46.05347177349904,63.0
976,10.0,0.43000000000000005,6.0,69.43737622003391,83.0
977,10.0,0.43000000000000005,7.0,187.32999521880993,142.0
978,10.0,0.43000000000000005,8.0,66.51884660979704,73.0
979,10.0,0.43000000000000005,9.0,232.55279850683291,182.0
980,10.0,0.49000000000000005,0.0,29.516071757381724,44.0
981,10.0,0.49000000000000005,1.0,85.82781233936112,93.0
982,10.0,0.49000000000000005,2.0,42.39679070045531,59.0
983,10.0,0.49000000000000005,3.0,88.1951077356789,85.0
984,10.0,0.49000000000000005,4.0,120.75534211475315,118.0
985,10.0,0.49000000000000005,5.0,44.43098495933373,62.0
986,10.0,0.49000000000000005,6.0,63.2497510952453,78.0
987,10.0,0.49000000000000005,7.0,140.13809234266955,122.0
988,10.0,0.49000000000000005,8.0,48.38008040590648,46.0
989,10.0,0.49000000000000005,9.0,96.6105671057885,85.0
990,10.0,0.55,0.0,31.75148500733485,27.0
991,10.0,0.55,1.0,39.47403574302734,64.0
992,10.0,0.55,2.0,23.113862183017773,56.0
993,10.0,0.55,3.0,27.568193094659364,53.0
994,10.0,0.55,4.0,116.28182542835566,109.0
995,10.0,0.55,5.0,51.630958707784885,65.0
996,10.0,0.55,6.0,67.43319672270445,78.0
997,10.0,0.55,7.0,124.20758873365412,108.0
998,10.0,0.55,8.0,66.34373399019387,70.0
999,10.0,0.55,9.0,67.99181241824408,84.0
